114351924298105644
114351929982808036
114351931870012267
114351954710309489
114351968053558818
114351980207705665
114351989556018987
114352005396992687
114352009870828438
114352016540581549
114352025626799066
114352087213802721
114352089837041830
114352095801045175
114352103026026466
114352105576236892
114352117816504294
114352120297250741
114352130858085340
114352165650003741
114352170251679601
114352175235817518
114352180952004753
114352211281241385
114352218423577820
114352241915178186
114352249192137834
114352261707910853
114352265856878926
114352279553355397
114352281703498657
114352292025990568
114352311542799094
114352324117056650
114352330175875262
114352338319803398
114352360042181222
114352362624578996
114352375745438422
114352385768140799
114352388181513237
114352393461211075
114352396900595359
114352418227470071
114352421399110765
114352424441700538
114352443917802513
114352450162483413
114352487912288730
114352505574865206
114352508101429227
114352510284608931
114352528795956282
114352534735875680
114352540555042742
114352548888183880
114352562170373468
114352565998664278
114352573063834493
114352579747420893
114352619853913779
114352622448813121
114352625202212949
114352630611975767
114352641220015401
114352660569865332
114352672192257889
114352702201439105
114352711543871287
114352751293531982
